# Made in Blockbench 5.1.4
mtllib lefthqnd.mtl

o L-Hand
v 0.00043783907186800697 0.7310007308576552 0.3900146127163597
v 0.006495188536042251 0.7254194200832875 -0.4849466192748119
v -0.009713607156125348 -0.01891575260849304 0.3947279942250359
v -0.0036562576919511036 -0.024497063382860673 -0.4802332377661357
v 0.6314229572132101 0.7169874474174007 -0.4805664625267102
v 0.6253656077490358 0.7225687581917684 0.3943947694644614
v 0.6212715109852167 -0.03292903604874747 -0.475853081018034
v 0.6152141615210425 -0.02734772527437984 0.3991081509731376
vt 0.796875 0.625
vt 0.8359375 0.625
vt 0.8359375 0.53125
vt 0.796875 0.53125
vt 0.7421875 0.625
vt 0.796875 0.625
vt 0.796875 0.53125
vt 0.7421875 0.53125
vt 0.703125 0.625
vt 0.7421875 0.625
vt 0.7421875 0.53125
vt 0.703125 0.53125
vt 0.6484375 0.625
vt 0.703125 0.625
vt 0.703125 0.53125
vt 0.6484375 0.53125
vt 0.69921875 0.5234375
vt 0.73828125 0.5234375
vt 0.73828125 0.4140625
vt 0.69921875 0.4140625
vt 0.7421875 0.453125
vt 0.7421875 0.53125
vt 0.796875 0.53125
vt 0.796875 0.453125
vn 0.006922685101913459 -0.006378640884991554 -0.9999556937041961
vn 0.9998844298834686 -0.013491156265418896 0.007008250796962812
vn -0.006922685101913459 0.006378640884991554 0.9999556937041961
vn -0.9998844298834686 0.013491156265418896 -0.007008250796962812
vn 0.013535261637324431 0.9998886446215312 -0.006284508678234967
vn -0.013535261637324431 -0.9998886446215312 0.006284508678234967
usemtl m_585d7c23-ed4d-b81d-1ed1-3c33d318ce37
f 4/4/1 7/3/1 5/2/1 2/1/1
f 3/8/2 4/7/2 2/6/2 1/5/2
f 8/12/3 3/11/3 1/10/3 6/9/3
f 7/16/4 8/15/4 6/14/4 5/13/4
f 6/20/5 1/19/5 2/18/5 5/17/5
f 7/24/6 4/23/6 3/22/6 8/21/6
o L-Forearm
v 0.07605265826599211 1.6671547844904444 0.322063669122919
v 0.0812446720924272 1.6623708038267007 -0.42790310115522806
v 0.06251739662866768 0.6672661398689134 0.328348177801154
v 0.06770941045510276 0.6624821592051697 -0.42161859247699307
v 0.5811868870341614 1.6556252256939912 -0.4243989757567467
v 0.5759948732077265 1.660409206357735 0.3255677945214004
v 0.5676516253968371 0.6557365810724602 -0.4181144670785117
v 0.5624596115704019 0.660520561736204 0.3318523031996354
vt 0.7734375 0.75
vt 0.8046875 0.75
vt 0.8046875 0.625
vt 0.7734375 0.625
vt 0.7265625 0.75
vt 0.7734375 0.75
vt 0.7734375 0.625
vt 0.7265625 0.625
vt 0.6953125 0.75
vt 0.7265625 0.75
vt 0.7265625 0.625
vt 0.6953125 0.625
vt 0.6484375 0.75
vt 0.6953125 0.75
vt 0.6953125 0.625
vt 0.6484375 0.625
vt 0.7734375 0.796875
vt 0.8046875 0.796875
vt 0.8046875 0.703125
vt 0.7734375 0.703125
vt 0.6953125 0.796875
vt 0.7265625 0.796875
vt 0.7265625 0.703125
vt 0.6953125 0.703125
vn 0.006922685101913459 -0.006378640884991554 -0.9999556937041961
vn 0.9998844298834686 -0.013491156265418896 0.007008250796962812
vn -0.006922685101913459 0.006378640884991554 0.9999556937041961
vn -0.9998844298834686 0.013491156265418896 -0.007008250796962812
vn 0.013535261637324431 0.9998886446215312 -0.006284508678234967
vn -0.013535261637324431 -0.9998886446215312 0.006284508678234967
usemtl m_585d7c23-ed4d-b81d-1ed1-3c33d318ce37
f 12/28/7 15/27/7 13/26/7 10/25/7
f 11/32/8 12/31/8 10/30/8 9/29/8
f 16/36/9 11/35/9 9/34/9 14/33/9
f 15/40/10 16/39/10 14/38/10 13/37/10
f 14/44/11 9/43/11 10/42/11 13/41/11
f 15/48/12 12/47/12 11/46/12 16/45/12
o L-Arm
v 0.09797493152962275 2.916963519414082 0.3142425649982849
v 0.10316694535605783 2.912179538750338 -0.43572420527986216
v 0.0810558544829672 1.667102713637168 0.3220982008460786
v 0.08624786830940229 1.6623187329734244 -0.42786856943206847
v 0.5931103159989575 2.9055688721802833 -0.4322901623893504
v 0.5879183021725225 2.910352852844027 0.31767660788879665
v 0.576191238952302 1.6557080664033692 -0.4244345265415567
v 0.5709992251258669 1.660492047067113 0.32553224373659034
vt 0.7734375 0.90625
vt 0.8046875 0.90625
vt 0.8046875 0.75
vt 0.7734375 0.75
vt 0.7265625 0.90625
vt 0.7734375 0.90625
vt 0.7734375 0.75
vt 0.7265625 0.75
vt 0.6953125 0.90625
vt 0.7265625 0.90625
vt 0.7265625 0.75
vt 0.6953125 0.75
vt 0.6484375 0.90625
vt 0.6953125 0.90625
vt 0.6953125 0.75
vt 0.6484375 0.75
vt 0.6484375 0.90625
vt 0.6484375 0.96875
vt 0.6953125 0.96875
vt 0.6953125 0.90625
vt 0.7265625 1
vt 0.7578125 1
vt 0.7578125 0.90625
vt 0.7265625 0.90625
vn 0.006922685101913459 -0.006378640884991554 -0.9999556937041961
vn 0.9998844298834686 -0.013491156265418896 0.007008250796962812
vn -0.006922685101913459 0.006378640884991554 0.9999556937041961
vn -0.9998844298834686 0.013491156265418896 -0.007008250796962812
vn 0.013535261637324431 0.9998886446215312 -0.006284508678234967
vn -0.013535261637324431 -0.9998886446215312 0.006284508678234967
usemtl m_585d7c23-ed4d-b81d-1ed1-3c33d318ce37
f 20/52/13 23/51/13 21/50/13 18/49/13
f 19/56/14 20/55/14 18/54/14 17/53/14
f 24/60/15 19/59/15 17/58/15 22/57/15
f 23/64/16 24/63/16 22/62/16 21/61/16
f 22/68/17 17/67/17 18/66/17 21/65/17
f 23/72/18 20/71/18 19/70/18 24/69/18